10015 0 1 0 3
10016 0 1 0 1
10017 0 1 0 4
10018 0 1 0 4
10019 0 1 0 1
10020 0 1 0 7
8426 0 1 0 4
8425 0 1 0 3
8423 0 1 0 6
8424 0 1 0 3
8903 0 1 0 9
8743 0 1 0 8
8583 0 1 0 7
9063 0 1 0 6
9223 0 1 0 5
9222 0 1 0 3
9221 0 1 0 4
9220 0 1 0 5
9380 0 1 0 8
9540 0 1 0 7
9700 0 1 0 8
9860 0 1 0 5
8427 0 1 0 1
8428 0 1 0 1
8269 0 1 0 6
8429 0 1 0 6
8109 0 1 0 5
8110 0 1 0 6
7950 0 1 0 9
7951 0 1 0 7
7791 0 1 0 7
7792 0 1 0 6
7632 0 1 0 5
7633 0 1 0 9
7473 0 1 0 9
7474 0 1 0 8
7314 0 1 0 6
7315 0 1 0 6
7155 0 1 0 5
7156 0 1 0 7
6996 0 1 0 7
6997 0 1 0 8
6837 0 1 0 5
6838 0 1 0 5
6678 0 1 0 5
6679 0 1 0 8
6519 0 1 0 7
10014 0 1 0 3
10013 0 1 0 4
10012 0 1 0 9
10172 0 1 0 8
10332 0 1 0 9
10492 0 1 0 9
10652 0 1 0 7
10812 0 1 0 9
10972 0 1 0 8
11132 0 1 0 5
11292 0 1 0 5
11291 0 1 0 1
11290 0 1 0 3
11289 0 1 0 4
11288 0 1 0 1
12732 0 1 0 8
12572 0 1 0 6
12412 0 1 0 6
12252 0 1 0 9
12251 0 1 0 1
12250 0 1 0 4
12249 0 1 0 4
12248 0 1 0 3
12892 0 1 0 6
13052 0 1 0 9
13212 0 1 0 8
13211 0 1 0 9
13371 0 1 0 9
13370 0 1 0 7
13530 0 1 0 8
13529 0 1 0 5
13689 0 1 0 8
13688 0 1 0 9
13848 0 1 0 8
13847 0 1 0 8
14007 0 1 0 8
14006 0 1 0 5
14166 0 1 0 7
14165 0 1 0 9
14325 0 1 0 7
14485 0 1 0 6
14645 0 1 0 5
14644 0 1 0 3
14643 0 1 0 3
14642 0 1 0 1
14641 0 1 0 3
14640 0 1 0 5
14800 0 1 0 6
14960 0 1 0 5
15120 0 1 0 7
15119 0 1 0 1
15118 0 1 0 3
15117 0 1 0 1
15116 0 1 0 4
15115 0 1 0 3
15114 0 1 0 4
15113 0 1 0 4
15112 0 1 0 9
15592 0 1 0 9
15272 0 1 0 6
15752 0 1 0 6
15912 0 1 0 9
16072 0 1 0 6
16071 0 1 0 4
16070 0 1 0 4
15432 0 1 0 9
16069 0 1 0 3
16068 0 1 0 4
16067 0 1 0 4
16066 0 1 0 6
16059 0 1 0 5
16058 0 1 0 3
16057 0 1 0 1
16056 0 1 0 3
16055 0 1 0 3
15899 0 1 0 8
15739 0 1 0 5
15906 0 1 0 5
15746 0 1 0 7
15586 0 1 0 6
15579 0 1 0 7
16054 0 1 0 3
16053 0 1 0 6
16213 0 1 0 9
16373 0 1 0 9
16533 0 1 0 6
16693 0 1 0 9
16853 0 1 0 5
16852 0 1 0 3
16851 0 1 0 4
16850 0 1 0 1
16849 0 1 0 8
16848 0 1 0 1
16847 0 1 0 1
16846 0 1 0 1
16845 0 1 0 8
16685 0 1 0 9
16525 0 1 0 5
16365 0 1 0 8
16364 0 1 0 3
16363 0 1 0 6
16203 0 1 0 8
16043 0 1 0 8
16042 0 1 0 4
16041 0 1 0 1
16039 0 1 0 8
15879 0 1 0 8
15719 0 1 0 6
15559 0 1 0 6
16040 0 1 0 1
15399 0 1 0 9
15398 0 1 0 1
15397 0 1 0 3
15396 0 1 0 4
15395 0 1 0 4
15394 0 1 0 7
15234 0 1 0 7
14750 0 1 0 4
14751 0 1 0 1
14752 0 1 0 4
14753 0 1 0 4
14754 0 1 0 7
14914 0 1 0 8
15074 0 1 0 7
14749 0 1 0 6
14589 0 1 0 8
14429 0 1 0 9
14269 0 1 0 8
14268 0 1 0 6
14108 0 1 0 5
13948 0 1 0 5
13788 0 1 0 8
13628 0 1 0 8
13627 0 1 0 1
13626 0 1 0 1
13625 0 1 0 8
13465 0 1 0 7
13305 0 1 0 8
13145 0 1 0 9
12985 0 1 0 8
12825 0 1 0 6
12665 0 1 0 5
12505 0 1 0 7
12345 0 1 0 9
12344 0 1 0 3
12343 0 1 0 4
12342 0 1 0 1
12341 0 1 0 9
12181 0 1 0 9
12021 0 1 0 8
11861 0 1 0 5
11701 0 1 0 8
11541 0 1 0 7
11540 0 1 0 3
11539 0 1 0 1
11538 0 1 0 1
11537 0 1 0 4
11536 0 1 0 4
11535 0 1 0 4
11534 0 1 0 1
11287 0 1 0 5
11286 0 1 0 4
11285 0 1 0 3
11284 0 1 0 1
11283 0 1 0 3
11282 0 1 0 7
12247 0 1 0 1
12246 0 1 0 1
12245 0 1 0 4
12244 0 1 0 3
12243 0 1 0 5
12403 0 1 0 5
12563 0 1 0 9
11122 0 1 0 6
10962 0 1 0 6
15419 0 1 0 5
15259 0 1 0 5
15099 0 1 0 8
15426 0 1 0 9
15266 0 1 0 9
15106 0 1 0 6
15111 0 1 0 4
15107 0 1 0 4
15110 0 1 0 1
10802 0 1 0 5
10642 0 1 0 8
12723 0 1 0 9
9207 0 1 0 6
9208 0 1 0 4
9209 0 1 0 6
7619 0 1 0 3
7620 0 1 0 8
7618 0 1 0 4
7460 0 1 0 6
7300 0 1 0 8
7140 0 1 0 7
15098 0 1 0 1
15097 0 1 0 3
15096 0 1 0 4
15893 0 1 0 8
15733 0 1 0 7
15573 0 1 0 5
15413 0 1 0 5
10952 0 1 0 5
11112 0 1 0 5
11272 0 1 0 8
11432 0 1 0 7
11592 0 1 0 8
11752 0 1 0 9
11912 0 1 0 6
12072 0 1 0 8
13018 0 1 0 3
13017 0 1 0 1
13019 0 1 0 4
13020 0 1 0 3
13021 0 1 0 1
13022 0 1 0 4
13023 0 1 0 1
13024 0 1 0 1
13025 0 1 0 3
13026 0 1 0 5
12232 0 1 0 7
12231 0 1 0 4
12230 0 1 0 4
12229 0 1 0 6
12069 0 1 0 7
12546 0 1 0 9
11909 0 1 0 5
10792 0 1 0 7
10632 0 1 0 9
10472 0 1 0 9
10312 0 1 0 5
13016 0 1 0 3
13015 0 1 0 3
13014 0 1 0 6
12854 0 1 0 8
12694 0 1 0 7
12534 0 1 0 5
10152 0 1 0 7
10151 0 1 0 4
10150 0 1 0 1
10149 0 1 0 8
10309 0 1 0 7
12535 0 1 0 1
15412 0 1 0 1
15411 0 1 0 1
14946 0 1 0 9
14939 0 1 0 7
9839 0 1 0 6
9840 0 1 0 3
9841 0 1 0 1
9842 0 1 0 9
9682 0 1 0 7
9522 0 1 0 9
9362 0 1 0 5
9361 0 1 0 4
9679 0 1 0 9
5047 0 1 0 4
5048 0 1 0 5
5046 0 1 0 3
5045 0 1 0 7
4888 0 1 0 7
4885 0 1 0 9
4889 0 1 0 8
4729 0 1 0 5
4730 0 1 0 8
4570 0 1 0 8
4571 0 1 0 9
4411 0 1 0 5
4412 0 1 0 5
4252 0 1 0 7
4253 0 1 0 8
4093 0 1 0 8
3933 0 1 0 7
3932 0 1 0 7
3772 0 1 0 5
3771 0 1 0 1
3770 0 1 0 1
4725 0 1 0 7
4565 0 1 0 9
8872 0 1 0 5
8712 0 1 0 6
8552 0 1 0 6
8392 0 1 0 6
8232 0 1 0 7
8871 0 1 0 4
8870 0 1 0 1
6799 0 1 0 7
6639 0 1 0 8
6479 0 1 0 7
6319 0 1 0 8
6159 0 1 0 8
6800 0 1 0 4
6801 0 1 0 4
6802 0 1 0 4
6803 0 1 0 1
6804 0 1 0 8
6644 0 1 0 8
6484 0 1 0 7
6324 0 1 0 7
6164 0 1 0 5
12058 0 1 0 6
12059 0 1 0 3
12061 0 1 0 3
12060 0 1 0 3
12062 0 1 0 5
11902 0 1 0 8
11898 0 1 0 7
10786 0 1 0 7
10946 0 1 0 5
11106 0 1 0 7
11266 0 1 0 5
11426 0 1 0 5
11425 0 1 0 1
10785 0 1 0 1
11261 0 1 0 5
11260 0 1 0 1
11259 0 1 0 1
11258 0 1 0 3
11101 0 1 0 9
10941 0 1 0 8
10781 0 1 0 6
15066 0 1 1 5
15067 0 1 1 2
15068 0 1 1 3
15712 0 1 1 3
16197 0 1 1 5
16357 0 1 1 5
16517 0 1 1 5
17163 0 1 1 3
17164 0 1 1 2
17165 0 1 1 2
17166 0 1 1 2
17167 0 1 1 2
17168 0 1 1 4
17169 0 1 1 4
17170 0 1 1 4
17171 0 1 1 4
17172 0 1 1 2
17173 0 1 1 2
11153 0 1 1 2
11154 0 1 1 2
11155 0 1 1 4
11156 0 1 1 4
11157 0 1 1 2
10678 0 1 1 5
10838 0 1 1 5
10998 0 1 1 3
11158 0 1 1 3
10518 0 1 1 5
10358 0 1 1 5
10198 0 1 1 3
10038 0 1 1 5
9878 0 1 1 3
9718 0 1 1 3
9558 0 1 1 3
9398 0 1 1 3
9397 0 1 1 2
9396 0 1 1 2
9394 0 1 1 2
9395 0 1 1 4
15147 0 1 1 4
15148 0 1 1 2
15149 0 1 1 4
15150 0 1 1 2
15151 0 1 1 5
14031 0 1 1 5
14191 0 1 1 3
14351 0 1 1 5
14511 0 1 1 5
14671 0 1 1 3
14831 0 1 1 5
14991 0 1 1 3
15146 0 1 1 2
15145 0 1 1 4
15144 0 1 1 2
15143 0 1 1 4
15142 0 1 1 2
15141 0 1 1 4
15140 0 1 1 2
15139 0 1 1 5
14979 0 1 1 5
14819 0 1 1 3
14659 0 1 1 3
14499 0 1 1 5
13871 0 1 1 3
13711 0 1 1 3
13551 0 1 1 5
13391 0 1 1 5
13231 0 1 1 5
13071 0 1 1 3
12911 0 1 1 3
12910 0 1 1 2
12909 0 1 1 2
12908 0 1 1 4
17527 0 1 1 5
17367 0 1 1 5
17687 0 1 1 3
17847 0 1 1 5
18007 0 1 1 3
18167 0 1 1 3
18327 0 1 1 5
18326 0 1 1 4
18325 0 1 1 4
18324 0 1 1 2
18323 0 1 1 2
18322 0 1 1 4
18321 0 1 1 4
18320 0 1 1 4
18319 0 1 1 2
18318 0 1 1 4
18317 0 1 1 2
17207 0 1 1 3
15434 0 1 1 3
15594 0 1 1 3
15754 0 1 1 5
15914 0 1 1 3
16074 0 1 1 5
16234 0 1 1 3
16394 0 1 1 5
16393 0 1 1 2
16391 0 1 1 2
16392 0 1 1 2
16390 0 1 1 4
16389 0 1 1 2
16388 0 1 1 2
16387 0 1 1 4
16386 0 1 1 2
15435 0 1 1 2
15436 0 1 1 2
15437 0 1 1 2
15438 0 1 1 2
15439 0 1 1 2
15440 0 1 1 2
15441 0 1 1 2
15282 0 1 1 5
15442 0 1 1 5
15122 0 1 1 5
14962 0 1 1 5
14963 0 1 1 4
14964 0 1 1 2
14965 0 1 1 2
14966 0 1 1 2
14967 0 1 1 3
14647 0 1 1 5
14807 0 1 1 3
14648 0 1 1 2
14649 0 1 1 4
14650 0 1 1 5
13692 0 1 1 5
13852 0 1 1 3
13851 0 1 1 5
14011 0 1 1 3
14010 0 1 1 5
14170 0 1 1 5
14330 0 1 1 5
14490 0 1 1 3
17174 0 1 1 2
17175 0 1 1 5
17015 0 1 1 3
16855 0 1 1 3
16695 0 1 1 5
16535 0 1 1 3
16375 0 1 1 3
16376 0 1 1 4
16378 0 1 1 4
16377 0 1 1 4
16379 0 1 1 4
18308 0 1 1 2
18309 0 1 1 4
18310 0 1 1 4
18311 0 1 1 2
18312 0 1 1 4
17992 0 1 1 2
17993 0 1 1 2
17994 0 1 1 2
17995 0 1 1 4
17996 0 1 1 2
17997 0 1 1 4
17991 0 1 1 4
18301 0 1 1 4
18300 0 1 1 4
18299 0 1 1 2
17978 0 1 1 2
18298 0 1 1 2
17977 0 1 1 4
17976 0 1 1 4
17975 0 1 1 2
17974 0 1 1 4
18294 0 1 1 2
18293 0 1 1 4
18292 0 1 1 4
18291 0 1 1 4
18290 0 1 1 2
17970 0 1 1 4
17969 0 1 1 4
17968 0 1 1 2
17967 0 1 1 4
17966 0 1 1 2
17205 0 1 1 5
17045 0 1 1 5
16885 0 1 1 5
16725 0 1 1 3
16565 0 1 1 5
16567 0 1 1 5
16407 0 1 1 5
16247 0 1 1 5
16087 0 1 1 3
11852 0 1 1 4
11853 0 1 1 4
11854 0 1 1 2
11855 0 1 1 5
11856 0 1 1 3
11857 0 1 1 3
11858 0 1 1 4
11859 0 1 1 5
12019 0 1 1 5
12179 0 1 1 3
12339 0 1 1 5
12499 0 1 1 3
12659 0 1 1 5
12660 0 1 1 2
12661 0 1 1 2
12662 0 1 1 4
12663 0 1 1 3
12823 0 1 1 3
12983 0 1 1 5
13303 0 1 1 3
13143 0 1 1 3
13463 0 1 1 5
13623 0 1 1 5
13783 0 1 1 3
13943 0 1 1 3
13944 0 1 1 3
13945 0 1 1 2
13946 0 1 1 3
14106 0 1 1 3
14266 0 1 1 3
14426 0 1 1 3
14586 0 1 1 3
14746 0 1 1 3
14906 0 1 1 3
15072 0 1 1 5
15071 0 1 1 5
15070 0 1 1 2
15069 0 1 1 2
15717 0 1 1 5
15715 0 1 1 4
15716 0 1 1 2
15714 0 1 1 4
15713 0 1 1 4
15877 0 1 1 5
16037 0 1 1 3
17003 0 1 1 3
16843 0 1 1 3
16683 0 1 1 5
16682 0 1 1 4
16681 0 1 1 5
16521 0 1 1 3
16520 0 1 1 2
16519 0 1 1 2
16518 0 1 1 4
15231 0 1 1 3
15391 0 1 1 3
15551 0 1 1 3
15711 0 1 1 3
7001 0 1 1 3
7000 0 1 1 3
7160 0 1 1 3
7159 0 1 1 5
7319 0 1 1 5
7318 0 1 1 3
7478 0 1 1 3
7477 0 1 1 5
7637 0 1 1 5
7636 0 1 1 5
7796 0 1 1 5
7795 0 1 1 5
7955 0 1 1 3
7954 0 1 1 3
8114 0 1 1 3
8113 0 1 1 5
8273 0 1 1 3
6841 0 1 1 3
10145 0 1 0 4
10146 0 1 0 9
9986 0 1 0 7
9826 0 1 0 8
9666 0 1 0 5
9506 0 1 0 8
9505 0 1 0 1
12054 0 1 0 5
11894 0 1 0 6
12053 0 1 0 4
12052 0 1 0 4
12051 0 1 0 1
12050 0 1 0 6
11890 0 1 0 7
10113 0 1 0 6
9953 0 1 0 5
9793 0 1 0 7
10114 0 1 0 4
10115 0 1 0 4
10116 0 1 0 3
10117 0 1 0 4
10761 0 1 0 8
10921 0 1 0 5
11081 0 1 0 8
11241 0 1 0 5
11242 0 1 0 1
11243 0 1 0 3
11244 0 1 0 3
11245 0 1 0 3
10601 0 1 0 7
5832 0 1 0 6
5831 0 1 0 3
5830 0 1 0 3
5829 0 1 0 1
5828 0 1 0 3
5672 0 1 0 7
5512 0 1 0 9
5352 0 1 0 8
5192 0 1 0 6
9341 0 1 0 5
9501 0 1 0 7
10621 0 1 0 8
11257 0 1 0 1
10295 0 1 0 5
10135 0 1 0 6
9975 0 1 0 9
9815 0 1 0 6
10294 0 1 0 1
10293 0 1 0 1
10292 0 1 0 4
10291 0 1 0 3
9655 0 1 0 7
16689 0 1 0 5
16529 0 1 0 7
16369 0 1 0 8
12046 0 1 0 5
11886 0 1 0 8
12044 0 1 0 1
12045 0 1 0 4
12043 0 1 0 3
12042 0 1 0 5
11882 0 1 0 7
12038 0 1 0 8
11878 0 1 0 8
12037 0 1 0 4
12036 0 1 0 3
12035 0 1 0 4
12034 0 1 0 7
11874 0 1 0 5
8866 0 1 0 8
8865 0 1 0 3
8706 0 1 0 6
8546 0 1 0 8
8386 0 1 0 8
8226 0 1 0 9
8225 0 1 0 4
7586 0 1 0 7
7426 0 1 0 6
7585 0 1 0 4
7266 0 1 0 5
7106 0 1 0 9
6946 0 1 0 7
6945 0 1 0 3
13010 0 1 0 6
12850 0 1 0 6
12690 0 1 0 7
12530 0 1 0 5
12529 0 1 0 1
13009 0 1 0 1
13008 0 1 0 8
13007 0 1 0 3
13006 0 1 0 1
13005 0 1 0 1
13004 0 1 0 1
13003 0 1 0 4
13002 0 1 0 3
13001 0 1 0 6
12841 0 1 0 5
12681 0 1 0 8
12521 0 1 0 7
12522 0 1 0 3
12545 0 1 0 4
12706 0 1 0 8
12866 0 1 0 9
12997 0 1 0 8
12837 0 1 0 6
12677 0 1 0 9
12517 0 1 0 7
12516 0 1 0 4
12996 0 1 0 4
12995 0 1 0 3
12994 0 1 0 1
12993 0 1 0 3
12992 0 1 0 4
12991 0 1 0 1
12990 0 1 0 9
12830 0 1 0 8
12670 0 1 0 5
12510 0 1 0 9
12511 0 1 0 1
11127 0 1 0 7
10967 0 1 0 8
10807 0 1 0 8
10647 0 1 0 7
13633 0 1 0 5
13793 0 1 0 5
13953 0 1 0 9
14113 0 1 0 5
14114 0 1 0 3
14115 0 1 0 3
14116 0 1 0 1
14117 0 1 0 8
14118 0 1 0 7
14119 0 1 0 3
14120 0 1 0 1
14121 0 1 0 1
14122 0 1 0 9
14123 0 1 0 9
14124 0 1 0 1
14125 0 1 0 3
14126 0 1 0 1
14127 0 1 0 9
14128 0 1 0 6
13968 0 1 0 6
13808 0 1 0 8
13648 0 1 0 8
13963 0 1 0 9
13803 0 1 0 7
13643 0 1 0 6
13958 0 1 0 6
13798 0 1 0 9
13638 0 1 0 9
13673 0 1 0 5
13833 0 1 0 9
13993 0 1 0 7
14153 0 1 0 5
14313 0 1 0 5
14314 0 1 0 1
14315 0 1 0 4
14316 0 1 0 8
14317 0 1 0 5
13360 0 1 0 7
13520 0 1 0 7
13680 0 1 0 5
13840 0 1 0 7
14000 0 1 0 7
14160 0 1 0 9
14320 0 1 0 6
14319 0 1 0 3
14318 0 1 0 1
13037 0 1 0 5
13038 0 1 0 1
13039 0 1 0 3
13040 0 1 0 7
13200 0 1 0 8
13197 0 1 0 5
13679 0 1 0 4
13678 0 1 0 1
14156 0 1 0 8
13996 0 1 0 8
9981 0 1 0 8
9821 0 1 0 9
9661 0 1 0 8
9980 0 1 0 4
9979 0 1 0 3
8381 0 1 0 5
8380 0 1 0 1
8221 0 1 0 9
7901 0 1 0 7
8061 0 1 0 5
7741 0 1 0 8
7581 0 1 0 9
8379 0 1 0 3
11224 0 1 0 7
11064 0 1 0 5
10904 0 1 0 9
10744 0 1 0 8
10584 0 1 0 8
11225 0 1 0 1
11226 0 1 0 1
11227 0 1 0 3
11231 0 1 0 5
11232 0 1 0 4
11233 0 1 0 3
11234 0 1 0 3
11235 0 1 0 4
11236 0 1 0 1
11071 0 1 0 6
10911 0 1 0 8
15405 0 1 0 3
15404 0 1 0 1
15403 0 1 0 1
15402 0 1 0 8
15242 0 1 0 9
15082 0 1 0 5
14922 0 1 0 9
15246 0 1 0 5
15086 0 1 0 6
14926 0 1 0 9
15406 0 1 0 6
8737 0 1 0 5
8577 0 1 0 9
8417 0 1 0 7
8256 0 1 0 3
8257 0 1 0 9
8897 0 1 0 5
8896 0 1 0 4
8895 0 1 0 1
8894 0 1 0 4
8893 0 1 0 5
8733 0 1 0 7
9049 0 1 0 6
8889 0 1 0 8
8729 0 1 0 8
9206 0 1 0 4
9205 0 1 0 7
9045 0 1 0 7
8569 0 1 0 6
8568 0 1 0 4
7617 0 1 0 4
7616 0 1 0 7
7456 0 1 0 9
6980 0 1 0 8
7304 0 1 0 3
7305 0 1 0 3
7306 0 1 0 1
7307 0 1 0 6
7147 0 1 0 5
6987 0 1 0 8
6827 0 1 0 9
6353 0 1 0 7
6193 0 1 0 8
6033 0 1 0 7
5873 0 1 0 8
6352 0 1 0 1
6351 0 1 0 4
6350 0 1 0 3
6347 0 1 0 9
6345 0 1 0 3
6346 0 1 0 4
6344 0 1 0 4
6187 0 1 0 6
6027 0 1 0 9
5867 0 1 0 5
5387 0 1 0 6
5227 0 1 0 7
5067 0 1 0 9
4907 0 1 0 6
5386 0 1 0 4
5385 0 1 0 1
5384 0 1 0 1
6341 0 1 0 9
6181 0 1 0 9
6021 0 1 0 5
5861 0 1 0 8
6340 0 1 0 3
6339 0 1 0 3
6338 0 1 0 3
5381 0 1 0 9
5221 0 1 0 7
5380 0 1 0 1
5379 0 1 0 4
5378 0 1 0 3
5061 0 1 0 6
4901 0 1 0 8
7611 0 1 0 5
7451 0 1 0 6
7291 0 1 0 6
7131 0 1 0 5
7610 0 1 0 3
7609 0 1 0 3
7608 0 1 0 3
6335 0 1 0 8
6334 0 1 0 4
6333 0 1 0 1
6332 0 1 0 4
6175 0 1 0 7
6015 0 1 0 9
5855 0 1 0 8
9015 0 1 0 7
9014 0 1 0 3
9013 0 1 0 3
9012 0 1 0 1
9011 0 1 0 1
8855 0 1 0 7
8695 0 1 0 5
8535 0 1 0 8
8375 0 1 0 9
14179 0 1 0 3
